
Sample data: 0.10, 0.30, 0.50, 0.70, 0.90, 0
Sample data: 0.90, 0.70, 0.50, 0.30, 0.10, 1
Sample data: 0.10, 0.30, 0.50, 0.70, 0.90, 2
Sample data: 0.90, 0.70, 0.50, 0.30, 0.10, 3
Sample data: 0.90, 0.70, 0.50, 0.30, 0.10, 3
Sample data: 0.90, 0.70, 0.50, 0.30, 0.10, 5
Sample data: 0.10, 0.30, 0.50, 0.70, 0.90, 6
Sample data: 0.10, 0.30, 0.50, 0.70, 0.90, 6
Sample data: 0.10, 0.30, 0.50, 0.70, 0.90, 8
Sample data: 0.10, 0.30, 0.50, 0.70, 0.90, 8
Sample data: 0.90, 0.70, 0.50, 0.30, 0.10, 9
Sample data: 0.90, 0.70, 0.50, 0.30, 0.10, 11
Sample data: 0.90, 0.70, 0.50, 0.30, 0.10, 11
Sample data: 0.10, 0.30, 0.50, 0.70, 0.90, 12
Sample data: 0.10, 0.30, 0.50, 0.70, 0.90, 14
Sample data: 0.10, 0.30, 0.50, 0.70, 0.90, 14
Sample data: 0.90, 0.70, 0.50, 0.30, 0.10, 15
Sample data: 0.10, 0.30, 0.50, 0.70, 0.90, 16
Sample data: 0.90, 0.70, 0.50, 0.30, 0.10, 17
Sample data: 0.10, 0.30, 0.50, 0.70, 0.90, 18
Sample data: 0.90, 0.70, 0.50, 0.30, 0.10, 19
Sample data: 0.10, 0.30, 0.50, 0.70, 0.90, 20
Sample data: 0.90, 0.70, 0.50, 0.30, 0.10, 21
Sample data: 0.10, 0.30, 0.50, 0.70, 0.90, 22
Sample data: 0.90, 0.70, 0.50, 0.30, 0.10, 23
Sample data: 0.10, 0.30, 0.50, 0.70, 0.90, 24
Sample data: 0.90, 0.70, 0.50, 0.30, 0.10, 25
Sample data: 0.10, 0.30, 0.50, 0.70, 0.90, 26
Sample data: 0.90, 0.70, 0.50, 0.30, 0.10, 27
Sample data: 0.10, 0.30, 0.50, 0.70, 0.90, 28
Sample data: 0.90, 0.70, 0.50, 0.30, 0.10, 29
Sample data: 0.10, 0.30, 0.50, 0.70, 0.90, 30
Sample data: 0.90, 0.70, 0.50, 0.30, 0.10, 31
Sample data: 0.10, 0.30, 0.50, 0.70, 0.90, 32
Sample data: 0.90, 0.70, 0.50, 0.30, 0.10, 33
Sample data: 0.10, 0.30, 0.50, 0.70, 0.90, 34
Sample data: 0.90, 0.70, 0.50, 0.30, 0.10, 35
Sample data: 0.10, 0.30, 0.50, 0.70, 0.90, 36
Sample data: 0.90, 0.70, 0.50, 0.30, 0.10, 37
Sample data: 0.10, 0.30, 0.50, 0.70, 0.90, 38
Sample data: 0.90, 0.70, 0.50, 0.30, 0.10, 39
Sample data: 0.10, 0.30, 0.50, 0.70, 0.90, 40
Sample data: 0.90, 0.70, 0.50, 0.30, 0.10, 41
Sample data: 0.90, 0.70, 0.50, 0.30, 0.10, 43
Sample data: 0.90, 0.70, 0.50, 0.30, 0.10, 43
Sample data: 0.10, 0.30, 0.50, 0.70, 0.90, 44
Sample data: 0.10, 0.30, 0.50, 0.70, 0.90, 44
Sample data: 0.10, 0.30, 0.50, 0.70, 0.90, 44
Sample data: 0.10, 0.30, 0.50, 0.70, 0.90, 44
Sample data: 0.10, 0.30, 0.50, 0.70, 0.90, 44
Sample data: 0.10, 0.30, 0.50, 0.70, 0.90, 44
Sample data: 0.10, 0.30, 0.50, 0.70, 0.90, 44
Sample data: 0.10, 0.30, 0.50, 0.70, 0.90, 44
Sample data: 0.10, 0.30, 0.50, 0.70, 0.90, 44
Sample data: 0.10, 0.30, 0.50, 0.70, 0.90, 44
Sample data: 0.10, 0.30, 0.50, 0.70, 0.90, 44
Sample data: 0.10, 0.30, 0.50, 0.70, 0.90, 44
Sample data: 0.10, 0.30, 0.50, 0.70, 0.90, 44
Sample data: 0.10, 0.30, 0.50, 0.70, 0.90, 44
Sample data: 0.10, 0.30, 0.50, 0.70, 0.90, 44
Sample data: 0.10, 0.30, 0.50, 0.70, 0.90, 44
Sample data: 0.10, 0.30, 0.50, 0.70, 0.90, 44
Sample data: 0.10, 0.30, 0.50, 0.70, 0.90, 44
Sample data: 0.10, 0.30, 0.50, 0.70, 0.90, 44
Sample data: 0.10, 0.30, 0.50, 0.70, 0.90, 44
Sample data: 0.10, 0.30, 0.50, 0.70, 0.90, 44
Sample data: 0.10, 0.30, 0.50, 0.70, 0.90, 44
Sample data: 0.10, 0.30, 0.50, 0.70, 0.90, 44
Sample data: 0.10, 0.30, 0.50, 0.70, 0.90, 44
Sample data: 0.10, 0.30, 0.50, 0.70, 0.90, 44
Sample data: 0.10, 0.30, 0.50, 0.70, 0.90, 44
Sample data: 0.10, 0.30, 0.50, 0.70, 0.90, 44
Sample data: 0.10, 0.30, 0.50, 0.70, 0.90, 44
Sample data: 0.10, 0.30, 0.50, 0.70, 0.90, 44
Sample data: 0.10, 0.30, 0.50, 0.70, 0.90, 44
Sample data: 0.10, 0.30, 0.50, 0.70, 0.90, 44
Sample data: 0.10, 0.30, 0.50, 0.70, 0.90, 44
Sample data: 0.10, 0.30, 0.50, 0.70, 0.90, 44
Sample data: 0.10, 0.30, 0.50, 0.70, 0.90, 44
Sample data: 0.10, 0.30, 0.50, 0.70, 0.90, 44
Sample data: 0.10, 0.30, 0.50, 0.70, 0.90, 44
Sample data: 0.10, 0.30, 0.50, 0.70, 0.90, 44
Sample data: 0.10, 0.30, 0.50, 0.70, 0.90, 44
Sample data: 0.10, 0.30, 0.50, 0.70, 0.90, 44
Sample data: 0.10, 0.30, 0.50, 0.70, 0.90, 44
Sample data: 0.10, 0.30, 0.50, 0.70, 0.90, 44
Sample data: 0.10, 0.30, 0.50, 0.70, 0.90, 44
Sample data: 0.10, 0.30, 0.50, 0.70, 0.90, 44
Sample data: 0.10, 0.30, 0.50, 0.70, 0.90, 44
Sample data: 0.10, 0.30, 0.50, 0.70, 0.90, 44
Sample data: 0.10, 0.30, 0.50, 0.70, 0.90, 44
Sample data: 0.10, 0.30, 0.50, 0.70, 0.90, 44
Sample data: 0.10, 0.30, 0.50, 0.70, 0.90, 44
Sample data: 0.10, 0.30, 0.50, 0.70, 0.90, 44
Sample data: 0.10, 0.30, 0.50, 0.70, 0.90, 44
Sample data: 0.10, 0.30, 0.50, 0.70, 0.90, 44
Sample data: 0.10, 0.30, 0.50, 0.70, 0.90, 44
Sample data: 0.10, 0.30, 0.50, 0.70, 0.90, 44
Sample data: 0.10, 0.30, 0.50, 0.70, 0.90, 44
Sample data: 0.10, 0.30, 0.50, 0.70, 0.90, 44
Sample data: 0.10, 0.30, 0.50, 0.70, 0.90, 44
Sample data: 0.10, 0.30, 0.50, 0.70, 0.90, 44
Sample data: 0.10, 0.30, 0.50, 0.70, 0.90, 44
Sample data: 0.10, 0.30, 0.50, 0.70, 0.90, 44
Sample data: 0.10, 0.30, 0.50, 0.70, 0.90, 44
Sample data: 0.10, 0.30, 0.50, 0.70, 0.90, 44
Sample data: 0.10, 0.30, 0.50, 0.70, 0.90, 44
Sample data: 0.10, 0.30, 0.50, 0.70, 0.90, 44
Sample data: 0.10, 0.30, 0.50, 0.70, 0.90, 44
Sample data: 0.10, 0.30, 0.50, 0.70, 0.90, 44
Sample data: 0.10, 0.30, 0.50, 0.70, 0.90, 44
Sample data: 0.10, 0.30, 0.50, 0.70, 0.90, 44
Sample data: 0.10, 0.30, 0.50, 0.70, 0.90, 44
Sample data: 0.10, 0.30, 0.50, 0.70, 0.90, 44
Sample data: 0.10, 0.30, 0.50, 0.70, 0.90, 44
Sample data: 0.90, 0.70, 0.50, 0.30, 0.10, 113
Sample data: 0.10, 0.30, 0.50, 0.70, 0.90, 114
Sample data: 0.90, 0.70, 0.50, 0.30, 0.10, 115
Sample data: 0.10, 0.30, 0.50, 0.70, 0.90, 116
Sample data: 0.90, 0.70, 0.50, 0.30, 0.10, 117
Sample data: 0.10, 0.30, 0.50, 0.70, 0.90, 118
Sample data: 0.90, 0.70, 0.50, 0.30, 0.10, 119
Sample data: 0.10, 0.30, 0.50, 0.70, 0.90, 120
Sample data: 0.90, 0.70, 0.50, 0.30, 0.10, 121
Sample data: 0.10, 0.30, 0.50, 0.70, 0.90, 122
Sample data: 0.90, 0.70, 0.50, 0.30, 0.10, 123
Sample data: 0.10, 0.30, 0.50, 0.70, 0.90, 124
Sample data: 0.90, 0.70, 0.50, 0.30, 0.10, 125
Sample data: 0.10, 0.30, 0.50, 0.70, 0.90, 126
Sample data: 0.90, 0.70, 0.50, 0.30, 0.10, 127
Sample data: 0.10, 0.30, 0.50, 0.70, 0.90, 128
Sample data: 0.90, 0.70, 0.50, 0.30, 0.10, 129
Sample data: 0.90, 0.70, 0.50, 0.30, 0.10, 129
Sample data: 0.10, 0.30, 0.50, 0.70, 0.90, 130
Sample data: 0.10, 0.30, 0.50, 0.70, 0.90, 132
Sample data: 0.90, 0.70, 0.50, 0.30, 0.10, 133
Sample data: 0.90, 0.70, 0.50, 0.30, 0.10, 133
Sample data: 0.90, 0.70, 0.50, 0.30, 0.10, 135
Sample data: 0.10, 0.30, 0.50, 0.70, 0.90, 136
Sample data: 0.10, 0.30, 0.50, 0.70, 0.90, 136
Sample data: 0.10, 0.30, 0.50, 0.70, 0.90, 138
Sample data: 0.10, 0.30, 0.50, 0.70, 0.90, 138
Sample data: 0.90, 0.70, 0.50, 0.30, 0.10, 139
Sample data: 0.90, 0.70, 0.50, 0.30, 0.10, 141
Sample data: 0.90, 0.70, 0.50, 0.30, 0.10, 141
Sample data: 0.10, 0.30, 0.50, 0.70, 0.90, 142
Sample data: 0.90, 0.70, 0.50, 0.30, 0.10, 143
Sample data: 0.10, 0.30, 0.50, 0.70, 0.90, 144
Sample data: 0.10, 0.30, 0.50, 0.70, 0.90, 146
Sample data: 0.90, 0.70, 0.50, 0.30, 0.10, 147
Sample data: 0.90, 0.70, 0.50, 0.30, 0.10, 147
Sample data: 0.90, 0.70, 0.50, 0.30, 0.10, 147
Sample data: 0.90, 0.70, 0.50, 0.30, 0.10, 147
Sample data: 0.90, 0.70, 0.50, 0.30, 0.10, 147
Sample data: 0.90, 0.70, 0.50, 0.30, 0.10, 147
Sample data: 0.90, 0.70, 0.50, 0.30, 0.10, 147
Sample data: 0.90, 0.70, 0.50, 0.30, 0.10, 147
Sample data: 0.90, 0.70, 0.50, 0.30, 0.10, 147
Sample data: 0.90, 0.70, 0.50, 0.30, 0.10, 147
Sample data: 0.90, 0.70, 0.50, 0.30, 0.10, 147
Sample data: 0.90, 0.70, 0.50, 0.30, 0.10, 147
Sample data: 0.90, 0.70, 0.50, 0.30, 0.10, 147
Sample data: 0.90, 0.70, 0.50, 0.30, 0.10, 147
Sample data: 0.90, 0.70, 0.50, 0.30, 0.10, 147
Sample data: 0.90, 0.70, 0.50, 0.30, 0.10, 147
Sample data: 0.90, 0.70, 0.50, 0.30, 0.10, 147
Sample data: 0.10, 0.30, 0.50, 0.70, 0.90, 164
Sample data: 0.90, 0.70, 0.50, 0.30, 0.10, 165
Sample data: 0.10, 0.30, 0.50, 0.70, 0.90, 166
Sample data: 0.90, 0.70, 0.50, 0.30, 0.10, 167
Sample data: 0.10, 0.30, 0.50, 0.70, 0.90, 168
Sample data: 0.90, 0.70, 0.50, 0.30, 0.10, 169
Sample data: 0.10, 0.30, 0.50, 0.70, 0.90, 170
Sample data: 0.90, 0.70, 0.50, 0.30, 0.10, 171
Sample data: 0.10, 0.30, 0.50, 0.70, 0.90, 172
Sample data: 0.90, 0.70, 0.50, 0.30, 0.10, 173
Sample data: 0.10, 0.30, 0.50, 0.70, 0.90, 174
Sample data: 0.90, 0.70, 0.50, 0.30, 0.10, 175
Sample data: 0.10, 0.30, 0.50, 0.70, 0.90, 176
Sample data: 0.90, 0.70, 0.50, 0.30, 0.10, 177