
Sample data: 0.10, 0.30, 0.50, 0.70, 0.90, 448
Sample data: 0.90, 0.70, 0.50, 0.30, 0.10, 449
Sample data: 0.10, 0.30, 0.50, 0.70, 0.90, 450
Sample data: 0.90, 0.70, 0.50, 0.30, 0.10, 451
Sample data: 0.10, 0.30, 0.50, 0.70, 0.90, 452
Sample data: 0.90, 0.70, 0.50, 0.30, 0.10, 453
Sample data: 0.10, 0.30, 0.50, 0.70, 0.90, 454
Sample data: 0.90, 0.70, 0.50, 0.30, 0.10, 455
Sample data: 0.10, 0.30, 0.50, 0.70, 0.90, 456
Sample data: 0.90, 0.70, 0.50, 0.30, 0.10, 457
Sample data: 0.90, 0.70, 0.50, 0.30, 0.10, 457
Sample data: 0.90, 0.70, 0.50, 0.30, 0.10, 459
Sample data: 0.10, 0.30, 0.50, 0.70, 0.90, 460
Sample data: 0.90, 0.70, 0.50, 0.30, 0.10, 461
Sample data: 0.10, 0.30, 0.50, 0.70, 0.90, 462
Sample data: 0.90, 0.70, 0.50, 0.30, 0.10, 463
Sample data: 0.90, 0.70, 0.50, 0.30, 0.10, 463
Sample data: 0.90, 0.70, 0.50, 0.30, 0.10, 465
Sample data: 0.10, 0.30, 0.50, 0.70, 0.90, 466
Sample data: 0.10, 0.30, 0.50, 0.70, 0.90, 466
Sample data: 0.10, 0.30, 0.50, 0.70, 0.90, 468
Sample data: 0.10, 0.30, 0.50, 0.70, 0.90, 468
Sample data: 0.90, 0.70, 0.50, 0.30, 0.10, 469
Sample data: 0.90, 0.70, 0.50, 0.30, 0.10, 471
Sample data: 0.90, 0.70, 0.50, 0.30, 0.10, 471
Sample data: 0.10, 0.30, 0.50, 0.70, 0.90, 472
Sample data: 0.90, 0.70, 0.50, 0.30, 0.10, 473
Sample data: 0.10, 0.30, 0.50, 0.70, 0.90, 474
Sample data: 0.90, 0.70, 0.50, 0.30, 0.10, 475
Sample data: 0.10, 0.30, 0.50, 0.70, 0.90, 476
Sample data: 0.90, 0.70, 0.50, 0.30, 0.10, 477
Sample data: 0.10, 0.30, 0.50, 0.70, 0.90, 478
Sample data: 0.90, 0.70, 0.50, 0.30, 0.10, 479
Sample data: 0.10, 0.30, 0.50, 0.70, 0.90, 480
Sample data: 0.90, 0.70, 0.50, 0.30, 0.10, 481