
Sample data: 0.10, 0.30, 0.50, 0.70, 0.90, 448
Sample data: 0.90, 0.70, 0.50, 0.30, 0.10, 449
Sample data: 0.10, 0.30, 0.50, 0.70, 0.90, 450
Sample data: 0.90, 0.70, 0.50, 0.30, 0.10, 451
Sample data: 0.10, 0.30, 0.50, 0.70, 0.90, 452
Sample data: 0.90, 0.70, 0.50, 0.30, 0.10, 453
Sample data: 0.10, 0.30, 0.50, 0.70, 0.90, 454
Sample data: 0.90, 0.70, 0.50, 0.30, 0.10, 455
Sample data: 0.10, 0.30, 0.50, 0.70, 0.90, 456
Sample data: 0.90, 0.70, 0.50, 0.30, 0.10, 457
Sample data: 0.90, 0.70, 0.50, 0.30, 0.10, 457
Sample data: 0.90, 0.70, 0.50, 0.30, 0.10, 459
Sample data: 0.10, 0.30, 0.50, 0.70, 0.90, 460
Sample data: 0.90, 0.70, 0.50, 0.30, 0.10, 461
Sample data: 0.10, 0.30, 0.50, 0.70, 0.90, 462
Sample data: 0.90, 0.70, 0.50, 0.30, 0.10, 463
Sample data: 0.90, 0.70, 0.50, 0.30, 0.10, 463
Sample data: 0.90, 0.70, 0.50, 0.30, 0.10, 465
Sample data: 0.10, 0.30, 0.50, 0.70, 0.90, 466
Sample data: 0.10, 0.30, 0.50, 0.70, 0.90, 466
Sample data: 0.10, 0.30, 0.50, 0.70, 0.90, 468
Sample data: 0.10, 0.30, 0.50, 0.70, 0.90, 468
Sample data: 0.90, 0.70, 0.50, 0.30, 0.10, 469
Sample data: 0.90, 0.70, 0.50, 0.30, 0.10, 471
Sample data: 0.90, 0.70, 0.50, 0.30, 0.10, 471
Sample data: 0.10, 0.30, 0.50, 0.70, 0.90, 472
Sample data: 0.90, 0.70, 0.50, 0.30, 0.10, 473
Sample data: 0.10, 0.30, 0.50, 0.70, 0.90, 474
Sample data: 0.90, 0.70, 0.50, 0.30, 0.10, 475
Sample data: 0.10, 0.30, 0.50, 0.70, 0.90, 476
Sample data: 0.90, 0.70, 0.50, 0.30, 0.10, 477
Sample data: 0.10, 0.30, 0.50, 0.70, 0.90, 478
Sample data: 0.90, 0.70, 0.50, 0.30, 0.10, 479
Sample data: 0.10, 0.30, 0.50, 0.70, 0.90, 480
Sample data: 0.90, 0.70, 0.50, 0.30, 0.10, 481
Sample data: 0.10, 0.30, 0.50, 0.70, 0.90, 482
Sample data: 0.90, 0.70, 0.50, 0.30, 0.10, 483
Sample data: 0.10, 0.30, 0.50, 0.70, 0.90, 484
Sample data: 0.90, 0.70, 0.50, 0.30, 0.10, 485
Sample data: 0.10, 0.30, 0.50, 0.70, 0.90, 486
Sample data: 0.90, 0.70, 0.50, 0.30, 0.10, 487
Sample data: 0.10, 0.30, 0.50, 0.70, 0.90, 488
Sample data: 0.90, 0.70, 0.50, 0.30, 0.10, 489
Sample data: 0.10, 0.30, 0.50, 0.70, 0.90, 490
Sample data: 0.90, 0.70, 0.50, 0.30, 0.10, 491
Sample data: 0.10, 0.30, 0.50, 0.70, 0.90, 492
Sample data: 0.90, 0.70, 0.50, 0.30, 0.10, 493
Sample data: 0.10, 0.30, 0.50, 0.70, 0.90, 494
Sample data: 0.90, 0.70, 0.50, 0.30, 0.10, 495
Sample data: 0.10, 0.30, 0.50, 0.70, 0.90, 496
Sample data: 0.90, 0.70, 0.50, 0.30, 0.10, 497
Sample data: 0.10, 0.30, 0.50, 0.70, 0.90, 498
Sample data: 0.90, 0.70, 0.50, 0.30, 0.10, 499
Sample data: 0.10, 0.30, 0.50, 0.70, 0.90, 500
Sample data: 0.90, 0.70, 0.50, 0.30, 0.10, 501
Sample data: 0.10, 0.30, 0.50, 0.70, 0.90, 502
Sample data: 0.90, 0.70, 0.50, 0.30, 0.10, 503
Sample data: 0.10, 0.30, 0.50, 0.70, 0.90, 504
Sample data: 0.90, 0.70, 0.50, 0.30, 0.10, 505
Sample data: 0.10, 0.30, 0.50, 0.70, 0.90, 506
Sample data: 0.90, 0.70, 0.50, 0.30, 0.10, 507
Sample data: 0.10, 0.30, 0.50, 0.70, 0.90, 508
Sample data: 0.90, 0.70, 0.50, 0.30, 0.10, 509
Sample data: 0.10, 0.30, 0.50, 0.70, 0.90, 510
Sample data: 0.90, 0.70, 0.50, 0.30, 0.10, 511
Sample data: 0.10, 0.30, 0.50, 0.70, 0.90, 512
Sample data: 0.90, 0.70, 0.50, 0.30, 0.10, 513
Sample data: 0.10, 0.30, 0.50, 0.70, 0.90, 514
Sample data: 0.90, 0.70, 0.50, 0.30, 0.10, 515
Sample data: 0.10, 0.30, 0.50, 0.70, 0.90, 516