
Sample data: 0.10, 0.30, 0.50, 0.70, 0.90, 6184
Sample data: 0.90, 0.70, 0.50, 0.30, 0.10, 6185
Sample data: 0.10, 0.30, 0.50, 0.70, 0.90, 6186
Sample data: 0.10, 0.30, 0.50, 0.70, 0.90, 6186
Sample data: 0.10, 0.30, 0.50, 0.70, 0.90, 6188
Sample data: 0.90, 0.70, 0.50, 0.30, 0.10, 6189
Sample data: 0.90, 0.70, 0.50, 0.30, 0.10, 6189
Sample data: 0.90, 0.70, 0.50, 0.30, 0.10, 6191
Sample data: 0.10, 0.30, 0.50, 0.70, 0.90, 6192
Sample data: 0.10, 0.30, 0.50, 0.70, 0.90, 6192
Sample data: 0.10, 0.30, 0.50, 0.70, 0.90, 6194
Sample data: 0.90, 0.70, 0.50, 0.30, 0.10, 6195
Sample data: 0.90, 0.70, 0.50, 0.30, 0.10, 6195
Sample data: 0.90, 0.70, 0.50, 0.30, 0.10, 6197
Sample data: 0.90, 0.70, 0.50, 0.30, 0.10, 6197
Sample data: 0.90, 0.70, 0.50, 0.30, 0.10, 6199
Sample data: 0.10, 0.30, 0.50, 0.70, 0.90, 6200
Sample data: 0.90, 0.70, 0.50, 0.30, 0.10, 6201
Sample data: 0.10, 0.30, 0.50, 0.70, 0.90, 6202
Sample data: 0.90, 0.70, 0.50, 0.30, 0.10, 6203
Sample data: 0.10, 0.30, 0.50, 0.70, 0.90, 6204
Sample data: 0.90, 0.70, 0.50, 0.30, 0.10, 6205
Sample data: 0.90, 0.70, 0.50, 0.30, 0.10, 6205
Sample data: 0.90, 0.70, 0.50, 0.30, 0.10, 6207
Sample data: 0.90, 0.70, 0.50, 0.30, 0.10, 6207
Sample data: 0.10, 0.30, 0.50, 0.70, 0.90, 6208
Sample data: 0.10, 0.30, 0.50, 0.70, 0.90, 6210
Sample data: 0.10, 0.30, 0.50, 0.70, 0.90, 6210
Sample data: 0.90, 0.70, 0.50, 0.30, 0.10, 6211
Sample data: 0.90, 0.70, 0.50, 0.30, 0.10, 6213
Sample data: 0.90, 0.70, 0.50, 0.30, 0.10, 6213
Sample data: 0.10, 0.30, 0.50, 0.70, 0.90, 6214
Sample data: 0.10, 0.30, 0.50, 0.70, 0.90, 6216
Sample data: 0.10, 0.30, 0.50, 0.70, 0.90, 6216
Sample data: 0.90, 0.70, 0.50, 0.30, 0.10, 6217
Sample data: 0.10, 0.30, 0.50, 0.70, 0.90, 6218
Sample data: 0.90, 0.70, 0.50, 0.30, 0.10, 6219
Sample data: 0.10, 0.30, 0.50, 0.70, 0.90, 6220
Sample data: 0.90, 0.70, 0.50, 0.30, 0.10, 6221
Sample data: 0.10, 0.30, 0.50, 0.70, 0.90, 6222
Sample data: 0.90, 0.70, 0.50, 0.30, 0.10, 6223
Sample data: 0.10, 0.30, 0.50, 0.70, 0.90, 6224
Sample data: 0.90, 0.70, 0.50, 0.30, 0.10, 6225
Sample data: 0.10, 0.30, 0.50, 0.70, 0.90, 6226
Sample data: 0.90, 0.70, 0.50, 0.30, 0.10, 6227
Sample data: 0.10, 0.30, 0.50, 0.70, 0.90, 6228
Sample data: 0.90, 0.70, 0.50, 0.30, 0.10, 6229
Sample data: 0.10, 0.30, 0.50, 0.70, 0.90, 6230
Sample data: 0.90, 0.70, 0.50, 0.30, 0.10, 6231
Sample data: 0.10, 0.30, 0.50, 0.70, 0.90, 6232
Sample data: 0.90, 0.70, 0.50, 0.30, 0.10, 6233
Sample data: 0.10, 0.30, 0.50, 0.70, 0.90, 6234
Sample data: 0.90, 0.70, 0.50, 0.30, 0.10, 6235
Sample data: 0.10, 0.30, 0.50, 0.70, 0.90, 6236
Sample data: 0.10, 0.30, 0.50, 0.70, 0.90, 6236
Sample data: 0.10, 0.30, 0.50, 0.70, 0.90, 6238
Sample data: 0.90, 0.70, 0.50, 0.30, 0.10, 6239
Sample data: 0.10, 0.30, 0.50, 0.70, 0.90, 6240
Sample data: 0.90, 0.70, 0.50, 0.30, 0.10, 6241
Sample data: 0.10, 0.30, 0.50, 0.70, 0.90, 6242
Sample data: 0.90, 0.70, 0.50, 0.30, 0.10, 6243
Sample data: 0.10, 0.30, 0.50, 0.70, 0.90, 6244