
Sample data: 0.10, 0.30, 0.50, 0.70, 0.90, 0
Sample data: 0.90, 0.70, 0.50, 0.30, 0.10, 1
Sample data: 0.10, 0.30, 0.50, 0.70, 0.90, 2
Sample data: 0.90, 0.70, 0.50, 0.30, 0.10, 3
Sample data: 0.10, 0.30, 0.50, 0.70, 0.90, 4
Sample data: 0.90, 0.70, 0.50, 0.30, 0.10, 5
Sample data: 0.10, 0.30, 0.50, 0.70, 0.90, 6
Sample data: 0.90, 0.70, 0.50, 0.30, 0.10, 7
Sample data: 0.10, 0.30, 0.50, 0.70, 0.90, 8
Sample data: 0.90, 0.70, 0.50, 0.30, 0.10, 9
Sample data: 0.10, 0.30, 0.50, 0.70, 0.90, 10
Sample data: 0.90, 0.70, 0.50, 0.30, 0.10, 11
Sample data: 0.10, 0.30, 0.50, 0.70, 0.90, 12
Sample data: 0.90, 0.70, 0.50, 0.30, 0.10, 13
Sample data: 0.10, 0.30, 0.50, 0.70, 0.90, 14
Sample data: 0.90, 0.70, 0.50, 0.30, 0.10, 15
Sample data: 0.10, 0.30, 0.50, 0.70, 0.90, 16
Sample data: 0.90, 0.70, 0.50, 0.30, 0.10, 17
Sample data: 0.10, 0.30, 0.50, 0.70, 0.90, 18
Sample data: 0.90, 0.70, 0.50, 0.30, 0.10, 19
Sample data: 0.10, 0.30, 0.50, 0.70, 0.90, 20
Sample data: 0.90, 0.70, 0.50, 0.30, 0.10, 21
Sample data: 0.10, 0.30, 0.50, 0.70, 0.90, 22
Sample data: 0.10, 0.30, 0.50, 0.70, 0.90, 24
Sample data: 0.90, 0.70, 0.50, 0.30, 0.10, 25
Sample data: 0.10, 0.30, 0.50, 0.70, 0.90, 26
Sample data: 0.90, 0.70, 0.50, 0.30, 0.10, 27
Sample data: 0.10, 0.30, 0.50, 0.70, 0.90, 28
Sample data: 0.90, 0.70, 0.50, 0.30, 0.10, 29
Sample data: 0.10, 0.30, 0.50, 0.70, 0.90, 30
Sample data: 0.90, 0.70, 0.50, 0.30, 0.10, 31
Sample data: 0.10, 0.30, 0.50, 0.70, 0.90, 32
Sample data: 0.90, 0.70, 0.50, 0.30, 0.10, 33
Sample data: 0.10, 0.30, 0.50, 0.70, 0.90, 34
Sample data: 0.90, 0.70, 0.50, 0.30, 0.10, 35
Sample data: 0.10, 0.30, 0.50, 0.70, 0.90, 36
Sample data: 0.90, 0.70, 0.50, 0.30, 0.10, 37
Sample data: 0.10, 0.30, 0.50, 0.70, 0.90, 38
Sample data: 0.90, 0.70, 0.50, 0.30, 0.10, 39
Sample data: 0.10, 0.30, 0.50, 0.70, 0.90, 40
Sample data: 0.90, 0.70, 0.50, 0.30, 0.10, 41
Sample data: 0.10, 0.30, 0.50, 0.70, 0.90, 42
Sample data: 0.90, 0.70, 0.50, 0.30, 0.10, 43
Sample data: 0.10, 0.30, 0.50, 0.70, 0.90, 44
Sample data: 0.90, 0.70, 0.50, 0.30, 0.10, 45
Sample data: 0.10, 0.30, 0.50, 0.70, 0.90, 46
Sample data: 0.90, 0.70, 0.50, 0.30, 0.10, 47
Sample data: 0.10, 0.30, 0.50, 0.70, 0.90, 48
Sample data: 0.90, 0.70, 0.50, 0.30, 0.10, 49
Sample data: 0.90, 0.70, 0.50, 0.30, 0.10, 49
Sample data: 0.90, 0.70, 0.50, 0.30, 0.10, 51
Sample data: 0.10, 0.30, 0.50, 0.70, 0.90, 52
Sample data: 0.90, 0.70, 0.50, 0.30, 0.10, 53
Sample data: 0.10, 0.30, 0.50, 0.70, 0.90, 54
Sample data: 0.90, 0.70, 0.50, 0.30, 0.10, 55
Sample data: 0.10, 0.30, 0.50, 0.70, 0.90, 56
Sample data: 0.90, 0.70, 0.50, 0.30, 0.10, 57
Sample data: 0.90, 0.70, 0.50, 0.30, 0.10, 57
Sample data: 0.10, 0.30, 0.50, 0.70, 0.90, 58
Sample data: 0.10, 0.30, 0.50, 0.70, 0.90, 60
Sample data: 0.10, 0.30, 0.50, 0.70, 0.90, 60
Sample data: 0.10, 0.30, 0.50, 0.70, 0.90, 62
Sample data: 0.10, 0.30, 0.50, 0.70, 0.90, 62
Sample data: 0.90, 0.70, 0.50, 0.30, 0.10, 63
Sample data: 0.90, 0.70, 0.50, 0.30, 0.10, 65
Sample data: 0.90, 0.70, 0.50, 0.30, 0.10, 65
Sample data: 0.10, 0.30, 0.50, 0.70, 0.90, 66
Sample data: 0.10, 0.30, 0.50, 0.70, 0.90, 68
Sample data: 0.10, 0.30, 0.50, 0.70, 0.90, 68
Sample data: 0.90, 0.70, 0.50, 0.30, 0.10, 69
Sample data: 0.10, 0.30, 0.50, 0.70, 0.90, 70
Sample data: 0.90, 0.70, 0.50, 0.30, 0.10, 71
Sample data: 0.10, 0.30, 0.50, 0.70, 0.90, 72
Sample data: 0.90, 0.70, 0.50, 0.30, 0.10, 73
Sample data: 0.10, 0.30, 0.50, 0.70, 0.90, 74
Sample data: 0.90, 0.70, 0.50, 0.30, 0.10, 75
Sample data: 0.10, 0.30, 0.50, 0.70, 0.90, 76
Sample data: 0.90, 0.70, 0.50, 0.30, 0.10, 77
Sample data: 0.10, 0.30, 0.50, 0.70, 0.90, 78
Sample data: 0.90, 0.70, 0.50, 0.30, 0.10, 79
Sample data: 0.10, 0.30, 0.50, 0.70, 0.90, 80
Sample data: 0.90, 0.70, 0.50, 0.30, 0.10, 81
Sample data: 0.10, 0.30, 0.50, 0.70, 0.90, 82