
Sample data: 0.10, 0.30, 0.50, 0.70, 0.90, 5018
Sample data: 0.90, 0.70, 0.50, 0.30, 0.10, 5019
Sample data: 0.10, 0.30, 0.50, 0.70, 0.90, 5020
Sample data: 0.90, 0.70, 0.50, 0.30, 0.10, 5021
Sample data: 0.10, 0.30, 0.50, 0.70, 0.90, 5022
Sample data: 0.90, 0.70, 0.50, 0.30, 0.10, 5023
Sample data: 0.10, 0.30, 0.50, 0.70, 0.90, 5024
Sample data: 0.90, 0.70, 0.50, 0.30, 0.10, 5025
Sample data: 0.10, 0.30, 0.50, 0.70, 0.90, 5026
Sample data: 0.10, 0.30, 0.50, 0.70, 0.90, 5026
Sample data: 0.10, 0.30, 0.50, 0.70, 0.90, 5028
Sample data: 0.90, 0.70, 0.50, 0.30, 0.10, 5029
Sample data: 0.90, 0.70, 0.50, 0.30, 0.10, 5029
Sample data: 0.90, 0.70, 0.50, 0.30, 0.10, 5031
Sample data: 0.90, 0.70, 0.50, 0.30, 0.10, 5031
Sample data: 0.10, 0.30, 0.50, 0.70, 0.90, 5032
Sample data: 0.10, 0.30, 0.50, 0.70, 0.90, 5034
Sample data: 0.10, 0.30, 0.50, 0.70, 0.90, 5034
Sample data: 0.90, 0.70, 0.50, 0.30, 0.10, 5035
Sample data: 0.90, 0.70, 0.50, 0.30, 0.10, 5037
Sample data: 0.90, 0.70, 0.50, 0.30, 0.10, 5037
Sample data: 0.10, 0.30, 0.50, 0.70, 0.90, 5038
Sample data: 0.90, 0.70, 0.50, 0.30, 0.10, 5039
Sample data: 0.10, 0.30, 0.50, 0.70, 0.90, 5040
Sample data: 0.10, 0.30, 0.50, 0.70, 0.90, 5048
Sample data: 0.90, 0.70, 0.50, 0.30, 0.10, 5049
Sample data: 0.10, 0.30, 0.50, 0.70, 0.90, 5050
Sample data: 0.90, 0.70, 0.50, 0.30, 0.10, 5051
Sample data: 0.10, 0.30, 0.50, 0.70, 0.90, 5052
Sample data: 0.90, 0.70, 0.50, 0.30, 0.10, 5053
Sample data: 0.10, 0.30, 0.50, 0.70, 0.90, 5054
Sample data: 0.90, 0.70, 0.50, 0.30, 0.10, 5055
Sample data: 0.10, 0.30, 0.50, 0.70, 0.90, 5056
Sample data: 0.90, 0.70, 0.50, 0.30, 0.10, 5057
Sample data: 0.10, 0.30, 0.50, 0.70, 0.90, 5058
Sample data: 0.90, 0.70, 0.50, 0.30, 0.10, 5059
Sample data: 0.10, 0.30, 0.50, 0.70, 0.90, 5060
Sample data: 0.90, 0.70, 0.50, 0.30, 0.10, 5061
Sample data: 0.10, 0.30, 0.50, 0.70, 0.90, 5062
Sample data: 0.90, 0.70, 0.50, 0.30, 0.10, 5063
Sample data: 0.10, 0.30, 0.50, 0.70, 0.90, 5064
Sample data: 0.90, 0.70, 0.50, 0.30, 0.10, 5065
Sample data: 0.10, 0.30, 0.50, 0.70, 0.90, 5066
Sample data: 0.90, 0.70, 0.50, 0.30, 0.10, 5067
Sample data: 0.10, 0.30, 0.50, 0.70, 0.90, 5068
Sample data: 0.90, 0.70, 0.50, 0.30, 0.10, 5069
Sample data: 0.10, 0.30, 0.50, 0.70, 0.90, 5070
Sample data: 0.90, 0.70, 0.50, 0.30, 0.10, 5071
Sample data: 0.10, 0.30, 0.50, 0.70, 0.90, 5072
Sample data: 0.90, 0.70, 0.50, 0.30, 0.10, 5073
Sample data: 0.10, 0.30, 0.50, 0.70, 0.90, 5074
Sample data: 0.90, 0.70, 0.50, 0.30, 0.10, 5075
Sample data: 0.10, 0.30, 0.50, 0.70, 0.90, 5076
Sample data: 0.90, 0.70, 0.50, 0.30, 0.10, 5077
Sample data: 0.10, 0.30, 0.50, 0.70, 0.90, 5078
Sample data: 0.90, 0.70, 0.50, 0.30, 0.10, 5079
Sample data: 0.10, 0.30, 0.50, 0.70, 0.90, 5080
Sample data: 0.90, 0.70, 0.50, 0.30, 0.10, 5081
Sample data: 0.10, 0.30, 0.50, 0.70, 0.90, 5082
Sample data: 0.90, 0.70, 0.50, 0.30, 0.10, 5083
Sample data: 0.90, 0.70, 0.50, 0.30, 0.10, 5083
Sample data: 0.90, 0.70, 0.50, 0.30, 0.10, 5085
Sample data: 0.10, 0.30, 0.50, 0.70, 0.90, 5086
Sample data: 0.90, 0.70, 0.50, 0.30, 0.10, 5087
Sample data: 0.10, 0.30, 0.50, 0.70, 0.90, 5088
Sample data: 0.90, 0.70, 0.50, 0.30, 0.10, 5089
Sample data: 0.90, 0.70, 0.50, 0.30, 0.10, 5089
Sample data: 0.90, 0.70, 0.50, 0.30, 0.10, 5091
Sample data: 0.90, 0.70, 0.50, 0.30, 0.10, 5091
Sample data: 0.10, 0.30, 0.50, 0.70, 0.90, 5092
Sample data: 0.10, 0.30, 0.50, 0.70, 0.90, 5094
Sample data: 0.10, 0.30, 0.50, 0.70, 0.90, 5094
Sample data: 0.90, 0.70, 0.50, 0.30, 0.10, 5095
Sample data: 0.10, 0.30, 0.50, 0.70, 0.90, 5096
Sample data: 0.90, 0.70, 0.50, 0.30, 0.10, 5097